0.00975821
0.00973607
0.009714
0.009692
0.00967008
0.00964822
0.00962644
0.00960473
0.00958309
0.00956152
0.00954002
0.00951859
0.00949723
0.00947594
0.00945472
0.00943357
0.00941249
0.00939148
0.00937053
0.00934965
0.00932885
0.0093081
0.00928743
0.00926682
0.00924628
0.00922581
0.0092054
0.00918506
0.00916479
0.00914458
0.00912444
0.00910436
0.00908435
0.0090644
0.00904451
0.00902469
0.00900494
0.00898525
0.00896562
0.00894605
0.00892655
0.00890711
0.00888774
0.00886842
0.00884917
0.00882998
0.00881085
0.00879179
0.00877278
0.00875384
0.00873496
0.00871613
0.00869737
0.00867867
0.00866003
0.00864144
0.00862292
0.00860446
0.00858605
0.00856771
0.00854942
0.00853119
0.00851302
0.00849491
0.00847686
0.00845886
0.00844092
0.00842304
0.00840522
0.00838745
0.00836974
0.00835208
0.00833448
0.00831694
0.00829945
0.00828202
0.00826465
0.00824733
0.00823006
0.00821285
0.00819569
0.00817859
0.00816154
0.00814455
0.00812761
0.00811072
0.00809389
0.00807711
0.00806038
0.00804371
0.00802709
0.00801052
0.00799401
0.00797754
0.00796113
0.00794477
0.00792846
0.0079122
0.007896
0.00787984
0.00786374
0.00784768
0.00783168
0.00781573
0.00779983
0.00778397
0.00776817
0.00775242
0.00773671
0.00772106
0.00770545
0.00768989
0.00767439
0.00765893
0.00764352
0.00762815
0.00761284
0.00759757
0.00758235
0.00756718
0.00755205
0.00753698
0.00752195
0.00750696
0.00749203
0.00747714
0.00746229
0.0074475
0.00743274
0.00741804
0.00740338
0.00738876
0.00737419
0.00735967
0.00734519
0.00733076
0.00731637
0.00730202
0.00728772
0.00727347
0.00725926
0.00724509
0.00723097
0.00721689
0.00720285
0.00718886
0.00717491
0.007161
0.00714714
0.00713331
0.00711954
0.0071058
0.00709211
0.00707845
0.00706484
0.00705128
0.00703775
0.00702427
0.00701082
0.00699742
0.00698406
0.00697074
0.00695746
0.00694423
0.00693103
0.00691787
0.00690476
0.00689168
0.00687864
0.00686565
0.00685269
0.00683977
0.0068269
0.00681406
0.00680126
0.0067885
0.00677578
0.0067631
0.00675045
0.00673785
0.00672528
0.00671275
0.00670026
0.00668781
0.0066754
0.00666302
0.00665068
0.00663838
0.00662612
0.00661389
0.0066017
0.00658955
0.00657743
0.00656535
0.00655331
0.00654131
0.00652934
0.0065174
0.00650551
0.00649365
0.00648182
0.00647003
0.00645828
0.00644656
0.00643488
0.00642323
0.00641161
0.00640004
0.00638849
0.00637699
0.00636551
0.00635407
0.00634267
0.0063313
0.00631996
0.00630866
0.00629739
0.00628616
0.00627496
0.00626379
0.00625266
0.00624156
0.00623049
0.00621946
0.00620846
0.00619749
0.00618656
0.00617566
0.00616479
0.00615395
0.00614314
0.00613237
0.00612163
0.00611092
0.00610025
0.0060896
0.00607899
0.00606841
0.00605786
0.00604734
0.00603686
0.0060264
0.00601598
0.00600558
0.00599522
0.00598489
0.00597459
0.00596432
0.00595408
0.00594387
0.00593369
0.00592354
0.00591342
0.00590333
0.00589327
0.00588325
0.00587325
0.00586328
0.00585334
0.00584342
0.00583354
0.00582369
0.00581387
0.00580407
0.0057943
0.00578457
0.00577486
0.00576518
0.00575553
0.00574591
0.00573631
0.00572674
0.00571721
0.0057077
0.00569821
0.00568876
0.00567933
0.00566993
0.00566056
0.00565122
0.0056419
0.00563261
0.00562335
0.00561412
0.00560491
0.00559573
0.00558657
0.00557745
0.00556835
0.00555927
0.00555023
0.0055412
0.00553221
0.00552324
0.0055143
0.00550538
0.00549649
0.00548763
0.00547879
0.00546998
0.00546119
0.00545243
0.00544369
0.00543498
0.0054263
0.00541763
0.005409
0.00540039
0.0053918
0.00538324
0.00537471
0.0053662
0.00535771
0.00534925
0.00534081
0.0053324
0.00532401
0.00531565
0.00530731
0.00529899
0.0052907
0.00528244
0.00527419
0.00526597
0.00525778
0.0052496
0.00524145
0.00523333
0.00522523
0.00521715
0.00520909
0.00520106
0.00519305
0.00518506
0.0051771
0.00516916
0.00516124
0.00515335
0.00514547
0.00513762
0.0051298
0.00512199
0.00511421
0.00510645
0.00509871
0.005091
0.0050833
0.00507563
0.00506798
0.00506035
0.00505275
0.00504516
0.0050376
0.00503006
0.00502254
0.00501504
0.00500756
0.00500011
0.00499267
0.00498526
0.00497787
0.0049705
0.00496315
0.00495582
0.00494851
0.00494122
0.00493396
0.00492671
0.00491949
0.00491228
0.0049051
0.00489793
0.00489079
0.00488366
0.00487656
0.00486948
0.00486241
0.00485537
0.00484835
0.00484134
0.00483436
0.0048274
0.00482045
0.00481353
0.00480662
0.00479974
0.00479287
0.00478602
0.0047792
0.00477239
0.0047656
0.00475883
0.00475208
0.00474534
0.00473863
0.00473194
0.00472526
0.00471861
0.00471197
0.00470535
0.00469875
0.00469217
0.0046856
0.00467906
0.00467253
0.00466602
0.00465953
0.00465306
0.0046466
0.00464017
0.00463375
0.00462735
0.00462097
0.0046146
0.00460826
0.00460193
0.00459562
0.00458932
0.00458305
0.00457679
0.00457055
0.00456432
0.00455812
0.00455193
0.00454576
0.0045396
0.00453346
0.00452734
0.00452124
0.00451515
0.00450908
0.00450303
0.004497
0.00449098
0.00448497
0.00447899
0.00447302
0.00446707
0.00446113
0.00445521
0.00444931
0.00444342
0.00443755
0.00443169
0.00442586
0.00442003
0.00441423
0.00440844
0.00440266
0.00439691
0.00439116
0.00438544
0.00437973
0.00437403
0.00436835
0.00436269
0.00435704
0.00435141
0.00434579
0.00434019
0.00433461
0.00432904
0.00432348
0.00431794
0.00431242
0.00430691
0.00430141
0.00429593
0.00429047
0.00428502
0.00427958
0.00427416
0.00426876
0.00426337
0.00425799
0.00425263
0.00424729
0.00424196
0.00423664
0.00423134
0.00422605
0.00422078
0.00421552
0.00421028
0.00420505
0.00419983
0.00419463
0.00418944
0.00418427
0.00417911
0.00417396
0.00416883
0.00416372
0.00415861
0.00415352
0.00414845
0.00414339
0.00413834
0.0041333
0.00412828
0.00412328
0.00411828
0.0041133
0.00410834
0.00410339
0.00409845
0.00409352
0.00408861
0.00408371
0.00407882
0.00407395
0.00406909
0.00406424
0.00405941
0.00405459
0.00404978
0.00404499
0.00404021
0.00403544
0.00403068
0.00402594
0.00402121
0.00401649
0.00401179
0.0040071
0.00400242
0.00399775
0.0039931
0.00398846
0.00398383
0.00397921
0.00397461
0.00397002
0.00396544
0.00396087
0.00395631
0.00395177
0.00394724
0.00394272
0.00393822
0.00393372
0.00392924
0.00392477
0.00392031
0.00391587
0.00391143
0.00390701
0.0039026
0.0038982
0.00389381
0.00388944
0.00388507
0.00388072
0.00387638
0.00387205
0.00386774
0.00386343
0.00385914
0.00385485
0.00385058
0.00384632
0.00384207
0.00383784
0.00383361
0.0038294
0.00382519
0.003821
0.00381682
0.00381265
0.00380849
0.00380434
0.0038002
0.00379608
0.00379196
0.00378786
0.00378377
0.00377968
0.00377561
0.00377155
0.0037675
0.00376346
0.00375943
0.00375542
0.00375141
0.00374741
0.00374343
0.00373945
0.00373548
0.00373153
0.00372759
0.00372365
0.00371973
0.00371581
0.00371191
0.00370802
0.00370414
0.00370027
0.0036964
0.00369255
0.00368871
0.00368488
0.00368106
0.00367725
0.00367344
0.00366965
0.00366587
0.0036621
0.00365834
0.00365459
0.00365085
0.00364711
0.00364339
0.00363968
0.00363598
0.00363228
0.0036286
0.00362493
0.00362126
0.00361761
0.00361396
0.00361033
0.0036067
0.00360308
0.00359948
0.00359588
0.00359229
0.00358871
0.00358514
0.00358158
0.00357803
0.00357449
0.00357096
0.00356743
0.00356392
0.00356041
0.00355692
0.00355343
0.00354995
0.00354649
0.00354303
0.00353958
0.00353613
0.0035327
0.00352928
0.00352586
0.00352246
0.00351906
0.00351567
0.00351229
0.00350892
0.00350556
0.0035022
0.00349886
0.00349552
0.00349219
0.00348888
0.00348556
0.00348226
0.00347897
0.00347568
0.00347241
0.00346914
0.00346588
0.00346263
0.00345939
0.00345615
0.00345293
0.00344971
0.0034465
0.0034433
0.00344011
0.00343692
0.00343374
0.00343058
0.00342742
0.00342426
0.00342112
0.00341798
0.00341485
0.00341173
0.00340862
0.00340552
0.00340242
0.00339933
0.00339625
0.00339318
0.00339012
0.00338706
0.00338401
0.00338097
0.00337794
0.00337491
0.00337189
0.00336888
0.00336588
0.00336289
0.0033599
0.00335692
0.00335395
0.00335098
0.00334803
0.00334508
0.00334214
0.0033392
0.00333627
0.00333336
0.00333044
0.00332754
0.00332464
0.00332175
0.00331887
0.00331599
0.00331313
0.00331026
0.00330741
0.00330457
0.00330173
0.00329889
0.00329607
0.00329325
0.00329044
0.00328764
0.00328484
0.00328205
0.00327927
0.00327649
0.00327373
0.00327097
0.00326821
0.00326546
0.00326272
0.00325999
0.00325726
0.00325454
0.00325183
0.00324912
0.00324643
0.00324373
0.00324105
0.00323837
0.0032357
0.00323303
0.00323037
0.00322772
0.00322507
0.00322243
0.0032198
0.00321718
0.00321456
0.00321194
0.00320934
0.00320674
0.00320414
0.00320156
0.00319898
0.0031964
0.00319383
0.00319127
0.00318872
0.00318617
0.00318363
0.00318109
0.00317856
0.00317604
0.00317352
0.00317101
0.00316851
0.00316601
0.00316352
0.00316103
0.00315855
0.00315608
0.00315361
0.00315115
0.00314869
0.00314625
0.0031438
0.00314136
0.00313893
0.00313651
0.00313409
0.00313168
0.00312927
0.00312687
0.00312447
0.00312208
0.0031197
0.00311732
0.00311495
0.00311258
0.00311022
0.00310787
0.00310552
0.00310318
0.00310084
0.00309851
0.00309618
0.00309386
0.00309155
0.00308924
0.00308693
0.00308464
0.00308234
0.00308006
0.00307778
0.0030755
0.00307323
0.00307097
0.00306871
0.00306646
0.00306421
0.00306197
0.00305973
0.0030575
0.00305527
0.00305305
0.00305084
0.00304863
0.00304642
0.00304422
0.00304203
0.00303984
0.00303766
0.00303548
0.0030333
0.00303114
0.00302897
0.00302682
0.00302466
0.00302252
0.00302038
0.00301824
0.00301611
0.00301398
0.00301186
0.00300974
0.00300763
0.00300553
0.00300343
0.00300133
0.00299924
0.00299715
0.00299507
0.00299299
0.00299092
0.00298886
0.0029868
0.00298474
0.00298269
0.00298064
0.0029786
0.00297656
0.00297453
0.0029725
0.00297048
0.00296846
0.00296645
0.00296444
0.00296244
0.00296044
0.00295844
0.00295645
0.00295447
0.00295249
0.00295051
0.00294854
0.00294658
0.00294462
0.00294266
0.00294071
0.00293876
0.00293681
0.00293488
0.00293294
0.00293101
0.00292909
0.00292717
0.00292525
0.00292334
0.00292143
0.00291953
0.00291763
0.00291573
0.00291384
0.00291196
0.00291008
0.0029082
0.00290633
0.00290446
0.0029026
0.00290074
0.00289888
0.00289703
0.00289518
0.00289334
0.0028915
0.00288967
0.00288784
0.00288601
0.00288419
0.00288237
0.00288056
0.00287875
0.00287695
0.00287515
0.00287335
0.00287156
0.00286977
0.00286798
0.0028662
0.00286443
0.00286265
0.00286089
0.00285912
0.00285736
0.0028556
0.00285385
0.0028521
0.00285036
0.00284862
0.00284688
0.00284515
0.00284342
0.00284169
0.00283997
0.00283825
0.00283654
0.00283483
0.00283312
0.00283142
0.00282972
0.00282803
0.00282633
0.00282465
0.00282296
0.00282128
0.00281961
0.00281793
0.00281626
0.0028146
0.00281294
0.00281128
0.00280962
0.00280797
0.00280633
0.00280468
0.00280304
0.0028014
0.00279977
0.00279814
0.00279652
0.00279489
0.00279327
0.00279166
0.00279005
0.00278844
0.00278683
0.00278523
0.00278363
0.00278204
0.00278045
0.00277886
0.00277727
0.00277569
0.00277411
0.00277254
0.00277097
0.0027694
0.00276784
0.00276627
0.00276472
0.00276316
0.00276161
0.00276006
0.00275852
0.00275697
0.00275544
0.0027539
0.00275237
0.00275084
0.00274931
0.00274779
0.00274627
0.00274475
0.00274324
0.00274173
0.00274022
0.00273872
0.00273722
0.00273572
0.00273423
0.00273273
0.00273124
0.00272976
0.00272828
0.0027268
0.00272532
0.00272385
0.00272238
0.00272091
0.00271947
0.00272091
0.00272238
0.00272385
0.00272532
0.0027268
0.00272828
0.00272976
0.00273124
0.00273273
0.00273423
0.00273572
0.00273722
0.00273872
0.00274022
0.00274173
0.00274324
0.00274475
0.00274627
0.00274779
0.00274931
0.00275084
0.00275237
0.0027539
0.00275544
0.00275697
0.00275852
0.00276006
0.00276161
0.00276316
0.00276472
0.00276627
0.00276784
0.0027694
0.00277097
0.00277254
0.00277411
0.00277569
0.00277727
0.00277886
0.00278045
0.00278204
0.00278363
0.00278523
0.00278683
0.00278844
0.00279005
0.00279166
0.00279327
0.00279489
0.00279652
0.00279814
0.00279977
0.0028014
0.00280304
0.00280468
0.00280633
0.00280797
0.00280962
0.00281128
0.00281294
0.0028146
0.00281626
0.00281793
0.00281961
0.00282128
0.00282296
0.00282465
0.00282633
0.00282803
0.00282972
0.00283142
0.00283312
0.00283483
0.00283654
0.00283825
0.00283997
0.00284169
0.00284342
0.00284515
0.00284688
0.00284862
0.00285036
0.0028521
0.00285385
0.0028556
0.00285736
0.00285912
0.00286089
0.00286265
0.00286443
0.0028662
0.00286798
0.00286977
0.00287156
0.00287335
0.00287515
0.00287695
0.00287875
0.00288056
0.00288237
0.00288419
0.00288601
0.00288784
0.00288967
0.0028915
0.00289334
0.00289518
0.00289703
0.00289888
0.00290074
0.0029026
0.00290446
0.00290633
0.0029082
0.00291008
0.00291196
0.00291384
0.00291573
0.00291763
0.00291953
0.00292143
0.00292334
0.00292525
0.00292717
0.00292909
0.00293101
0.00293294
0.00293488
0.00293681
0.00293876
0.00294071
0.00294266
0.00294462
0.00294658
0.00294854
0.00295051
0.00295249
0.00295447
0.00295645
0.00295844
0.00296044
0.00296244
0.00296444
0.00296645
0.00296846
0.00297048
0.0029725
0.00297453
0.00297656
0.0029786
0.00298064
0.00298269
0.00298474
0.0029868
0.00298886
0.00299092
0.00299299
0.00299507
0.00299715
0.00299924
0.00300133
0.00300343
0.00300553
0.00300763
0.00300974
0.00301186
0.00301398
0.00301611
0.00301824
0.00302038
0.00302252
0.00302466
0.00302682
0.00302897
0.00303114
0.0030333
0.00303548
0.00303766
0.00303984
0.00304203
0.00304422
0.00304642
0.00304863
0.00305084
0.00305305
0.00305527
0.0030575
0.00305973
0.00306197
0.00306421
0.00306646
0.00306871
0.00307097
0.00307323
0.0030755
0.00307778
0.00308006
0.00308234
0.00308464
0.00308693
0.00308924
0.00309155
0.00309386
0.00309618
0.00309851
0.00310084
0.00310318
0.00310552
0.00310787
0.00311022
0.00311258
0.00311495
0.00311732
0.0031197
0.00312208
0.00312447
0.00312687
0.00312927
0.00313168
0.00313409
0.00313651
0.00313893
0.00314136
0.0031438
0.00314625
0.00314869
0.00315115
0.00315361
0.00315608
0.00315855
0.00316103
0.00316352
0.00316601
0.00316851
0.00317101
0.00317352
0.00317604
0.00317856
0.00318109
0.00318363
0.00318617
0.00318872
0.00319127
0.00319383
0.0031964
0.00319898
0.00320156
0.00320414
0.00320674
0.00320934
0.00321194
0.00321456
0.00321718
0.0032198
0.00322243
0.00322507
0.00322772
0.00323037
0.00323303
0.0032357
0.00323837
0.00324105
0.00324373
0.00324643
0.00324912
0.00325183
0.00325454
0.00325726
0.00325999
0.00326272
0.00326546
0.00326821
0.00327097
0.00327373
0.00327649
0.00327927
0.00328205
0.00328484
0.00328764
0.00329044
0.00329325
0.00329607
0.00329889
0.00330173
0.00330457
0.00330741
0.00331026
0.00331313
0.00331599
0.00331887
0.00332175
0.00332464
0.00332754
0.00333044
0.00333336
0.00333627
0.0033392
0.00334214
0.00334508
0.00334803
0.00335098
0.00335395
0.00335692
0.0033599
0.00336289
0.00336588
0.00336888
0.00337189
0.00337491
0.00337794
0.00338097
0.00338401
0.00338706
0.00339012
0.00339318
0.00339625
0.00339933
0.00340242
0.00340552
0.00340862
0.00341173
0.00341485
0.00341798
0.00342112
0.00342426
0.00342742
0.00343058
0.00343374
0.00343692
0.00344011
0.0034433
0.0034465
0.00344971
0.00345293
0.00345615
0.00345939
0.00346263
0.00346588
0.00346914
0.00347241
0.00347568
0.00347897
0.00348226
0.00348556
0.00348888
0.00349219
0.00349552
0.00349886
0.0035022
0.00350556
0.00350892
0.00351229
0.00351567
0.00351906
0.00352246
0.00352586
0.00352928
0.0035327
0.00353613
0.00353958
0.00354303
0.00354649
0.00354995
0.00355343
0.00355692
0.00356041
0.00356392
0.00356743
0.00357096
0.00357449
0.00357803
0.00358158
0.00358514
0.00358871
0.00359229
0.00359588
0.00359948
0.00360308
0.0036067
0.00361033
0.00361396
0.00361761
0.00362126
0.00362493
0.0036286
0.00363228
0.00363598
0.00363968
0.00364339
0.00364711
0.00365085
0.00365459
0.00365834
0.0036621
0.00366587
0.00366965
0.00367344
0.00367725
0.00368106
0.00368488
0.00368871
0.00369255
0.0036964
0.00370027
0.00370414
0.00370802
0.00371191
0.00371581
0.00371973
0.00372365
0.00372759
0.00373153
0.00373548
0.00373945
0.00374343
0.00374741
0.00375141
0.00375542
0.00375943
0.00376346
0.0037675
0.00377155
0.00377561
0.00377968
0.00378377
0.00378786
0.00379196
0.00379608
0.0038002
0.00380434
0.00380849
0.00381265
0.00381682
0.003821
0.00382519
0.0038294
0.00383361
0.00383784
0.00384207
0.00384632
0.00385058
0.00385485
0.00385914
0.00386343
0.00386774
0.00387205
0.00387638
0.00388072
0.00388507
0.00388944
0.00389381
0.0038982
0.0039026
0.00390701
0.00391143
0.00391587
0.00392031
0.00392477
0.00392924
0.00393372
0.00393822
0.00394272
0.00394724
0.00395177
0.00395631
0.00396087
0.00396544
0.00397002
0.00397461
0.00397921
0.00398383
0.00398846
0.0039931
0.00399775
0.00400242
0.0040071
0.00401179
0.00401649
0.00402121
0.00402594
0.00403068
0.00403544
0.00404021
0.00404499
0.00404978
0.00405459
0.00405941
0.00406424
0.00406909
0.00407395
0.00407882
0.00408371
0.00408861
0.00409352
0.00409845
0.00410339
0.00410834
0.0041133
0.00411828
0.00412328
0.00412828
0.0041333
0.00413834
0.00414339
0.00414845
0.00415352
0.00415861
0.00416372
0.00416883
0.00417396
0.00417911
0.00418427
0.00418944
0.00419463
0.00419983
0.00420505
0.00421028
0.00421552
0.00422078
0.00422605
0.00423134
0.00423664
0.00424196
0.00424729
0.00425263
0.00425799
0.00426337
0.00426876
0.00427416
0.00427958
0.00428502
0.00429047
0.00429593
0.00430141
0.00430691
0.00431242
0.00431794
0.00432348
0.00432904
0.00433461
0.00434019
0.00434579
0.00435141
0.00435704
0.00436269
0.00436835
0.00437403
0.00437973
0.00438544
0.00439116
0.00439691
0.00440266
0.00440844
0.00441423
0.00442003
0.00442586
0.00443169
0.00443755
0.00444342
0.00444931
0.00445521
0.00446113
0.00446707
0.00447302
0.00447899
0.00448497
0.00449098
0.004497
0.00450303
0.00450908
0.00451515
0.00452124
0.00452734
0.00453346
0.0045396
0.00454576
0.00455193
0.00455812
0.00456432
0.00457055
0.00457679
0.00458305
0.00458932
0.00459562
0.00460193
0.00460826
0.0046146
0.00462097
0.00462735
0.00463375
0.00464017
0.0046466
0.00465306
0.00465953
0.00466602
0.00467253
0.00467906
0.0046856
0.00469217
0.00469875
0.00470535
0.00471197
0.00471861
0.00472526
0.00473194
0.00473863
0.00474534
0.00475208
0.00475883
0.0047656
0.00477239
0.0047792
0.00478602
0.00479287
0.00479974
0.00480662
0.00481353
0.00482045
0.0048274
0.00483436
0.00484134
0.00484835
0.00485537
0.00486241
0.00486948
0.00487656
0.00488366
0.00489079
0.00489793
0.0049051
0.00491228
0.00491949
0.00492671
0.00493396
0.00494122
0.00494851
0.00495582
0.00496315
0.0049705
0.00497787
0.00498526
0.00499267
0.00500011
0.00500756
0.00501504
0.00502254
0.00503006
0.0050376
0.00504516
0.00505275
0.00506035
0.00506798
0.00507563
0.0050833
0.005091
0.00509871
0.00510645
0.00511421
0.00512199
0.0051298
0.00513762
0.00514547
0.00515335
0.00516124
0.00516916
0.0051771
0.00518506
0.00519305
0.00520106
0.00520909
0.00521715
0.00522523
0.00523333
0.00524145
0.0052496
0.00525778
0.00526597
0.00527419
0.00528244
0.0052907
0.00529899
0.00530731
0.00531565
0.00532401
0.0053324
0.00534081
0.00534925
0.00535771
0.0053662
0.00537471
0.00538324
0.0053918
0.00540039
0.005409
0.00541763
0.0054263
0.00543498
0.00544369
0.00545243
0.00546119
0.00546998
0.00547879
0.00548763
0.00549649
0.00550538
0.0055143
0.00552324
0.00553221
0.0055412
0.00555023
0.00555927
0.00556835
0.00557745
0.00558657
0.00559573
0.00560491
0.00561412
0.00562335
0.00563261
0.0056419
0.00565122
0.00566056
0.00566993
0.00567933
0.00568876
0.00569821
0.0057077
0.00571721
0.00572674
0.00573631
0.00574591
0.00575553
0.00576518
0.00577486
0.00578457
0.0057943
0.00580407
0.00581387
0.00582369
0.00583354
0.00584342
0.00585334
0.00586328
0.00587325
0.00588325
0.00589327
0.00590333
0.00591342
0.00592354
0.00593369
0.00594387
0.00595408
0.00596432
0.00597459
0.00598489
0.00599522
0.00600558
0.00601598
0.0060264
0.00603686
0.00604734
0.00605786
0.00606841
0.00607899
0.0060896
0.00610025
0.00611092
0.00612163
0.00613237
0.00614314
0.00615395
0.00616479
0.00617566
0.00618656
0.00619749
0.00620846
0.00621946
0.00623049
0.00624156
0.00625266
0.00626379
0.00627496
0.00628616
0.00629739
0.00630866
0.00631996
0.0063313
0.00634267
0.00635407
0.00636551
0.00637699
0.00638849
0.00640004
0.00641161
0.00642323
0.00643488
0.00644656
0.00645828
0.00647003
0.00648182
0.00649365
0.00650551
0.0065174
0.00652934
0.00654131
0.00655331
0.00656535
0.00657743
0.00658955
0.0066017
0.00661389
0.00662612
0.00663838
0.00665068
0.00666302
0.0066754
0.00668781
0.00670026
0.00671275
0.00672528
0.00673785
0.00675045
0.0067631
0.00677578
0.0067885
0.00680126
0.00681406
0.0068269
0.00683977
0.00685269
0.00686565
0.00687864
0.00689168
0.00690476
0.00691787
0.00693103
0.00694423
0.00695746
0.00697074
0.00698406
0.00699742
0.00701082
0.00702427
0.00703775
0.00705128
0.00706484
0.00707845
0.00709211
0.0071058
0.00711954
0.00713331
0.00714714
0.007161
0.00717491
0.00718886
0.00720285
0.00721689
0.00723097
0.00724509
0.00725926
0.00727347
0.00728772
0.00730202
0.00731637
0.00733076
0.00734519
0.00735967
0.00737419
0.00738876
0.00740338
0.00741804
0.00743274
0.0074475
0.00746229
0.00747714
0.00749203
0.00750696
0.00752195
0.00753698
0.00755205
0.00756718
0.00758235
0.00759757
0.00761284
0.00762815
0.00764352
0.00765893
0.00767439
0.00768989
0.00770545
0.00772106
0.00773671
0.00775242
0.00776817
0.00778397
0.00779983
0.00781573
0.00783168
0.00784768
0.00786374
0.00787984
0.007896
0.0079122
0.00792846
0.00794477
0.00796113
0.00797754
0.00799401
0.00801052
0.00802709
0.00804371
0.00806038
0.00807711
0.00809389
0.00811072
0.00812761
0.00814455
0.00816154
0.00817859
0.00819569
0.00821285
0.00823006
0.00824733
0.00826465
0.00828202
0.00829945
0.00831694
0.00833448
0.00835208
0.00836974
0.00838745
0.00840522
0.00842304
0.00844092
0.00845886
0.00847686
0.00849491
0.00851302
0.00853119
0.00854942
0.00856771
0.00858605
0.00860446
0.00862292
0.00864144
0.00866003
0.00867867
0.00869737
0.00871613
0.00873496
0.00875384
0.00877278
0.00879179
0.00881085
0.00882998
0.00884917
0.00886842
0.00888774
0.00890711
0.00892655
0.00894605
0.00896562
0.00898525
0.00900494
0.00902469
0.00904451
0.0090644
0.00908435
0.00910436
0.00912444
0.00914458
0.00916479
0.00918506
0.0092054
0.00922581
0.00924628
0.00926682
0.00928743
0.0093081
0.00932885
0.00934965
0.00937053
0.00939148
0.00941249
0.00943357
0.00945472
0.00947594
0.00949723
0.00951859
0.00954002
0.00956152
0.00958309
0.00960473
0.00962644
0.00964822
0.00967008
0.009692
0.009714
0.00973607
0.00975821
